18 18 16 10 11 3 2 9 1 22 
-------------------------
18 16 16 10 11 3 2 9 1 22 
-------------------------
18 16 11 10 11 3 2 9 1 22 
-------------------------
18 16 11 10 7 3 2 9 1 22 
-------------------------
16 16 11 10 7 3 2 9 18 22 
-------------------------
16 11 11 10 7 3 2 9 18 22 
-------------------------
16 11 7 10 7 3 2 9 18 22 
-------------------------
16 11 7 10 1 3 2 9 18 22 
-------------------------
11 11 7 10 1 3 2 16 18 22 
-------------------------
11 10 7 10 1 3 2 16 18 22 
-------------------------
11 10 7 9 1 3 2 16 18 22 
-------------------------
10 10 7 9 1 3 11 16 18 22 
-------------------------
10 9 7 9 1 3 11 16 18 22 
-------------------------
10 9 7 2 1 3 11 16 18 22 
-------------------------
9 9 7 2 1 10 11 16 18 22 
-------------------------
9 7 7 2 1 10 11 16 18 22 
-------------------------
9 7 3 2 1 10 11 16 18 22 
-------------------------
7 7 3 2 9 10 11 16 18 22 
-------------------------
7 3 3 2 9 10 11 16 18 22 
-------------------------
7 3 1 2 9 10 11 16 18 22 
-------------------------
3 3 1 7 9 10 11 16 18 22 
-------------------------
3 2 1 7 9 10 11 16 18 22 
-------------------------
2 2 3 7 9 10 11 16 18 22 
-------------------------
2 1 3 7 9 10 11 16 18 22 
-------------------------
1 2 3 7 9 10 11 16 18 22 
-------------------------
1 2 3 7 9 10 11 16 18 22 
-------------------------
